m = 1500
d = 0.63

cw = 0.0
A = 2
p = 1.2

sample_time = 0.5
Kp = 1
Kd = 50